100
12
250
152
19,20,2,8,16,17,14,17,9,18,9,9,13,8,5,15,17,12,3,2,17,12,6,7,9,2,16,1,1,5,18,6,14,16,2,5,15,4,1,2,20,4,5,9,15,20,20,8,13,8,17,12,6,14,14,7,11,16,12,5,4,5,17,6,5,18,20,5,4,9,13,5,20,20,11,11,17,9,4,17,12,18,14,14,20,20,4,16,13,18,16,19,13,3,1,9,15,16,9,11
22,43,14,25,18,28,31,18,39,49,28,17,16,31,16,9,37,0,9,13,45,2,30,32,26,21,44,16,30,38,37,23,31,46,39,11,31,25,18,1,37,34,14,45,12,25,14,3,4,31,20,32,43,6,26,32,9,6,29,18,42,40,37,22,6,47,23,29,27,17,15,8,17,38,12,2,1,49,39,26,11,27,17,2,9,0,44,44,1,22,25,49,40,47,11,19,44,18,33,29
18,91
19,55
12,4
64,29
4,25
54,78
84,4
25,36
80,79
17,35
15,92
58,60
36,98
21,55
48,29
18,72
19,42
14,36
13,60
14,66
88,4
36,61
68,86
83,64
21,44
72,31
42,45
54,8
88,42
82,10
95,77
39,34
83,71
24,43
84,59
75,36
75,89
70,37
63,55
50,65
54,99
30,93
76,49
47,30
89,26
7,36
82,87
22,98
63,52
18,31
97,13
46,54
71,25
3,24
3,77
53,89
31,34
17,2
53,10
8,93
89,86
95,34
21,84
42,28
22,36
12,13
80,1
15,31
21,93
68,87
4,67
51,1
53,36
29,43
27,92
48,59
51,60
63,3
44,24
20,9
95,6
99,78
85,87
97,51
45,8
36,43
4,45
76,32
3,6
35,68
36,87
64,44
53,5
38,58
8,61
85,76
14,61
82,28
15,58
43,91
88,97
12,61
21,96
82,29
54,33
82,36
70,59
19,30
17,93
94,86
17,7
15,41
94,92
57,18
75,14
37,55
94,82
24,28
35,79
18,40
42,78
2,24
4,55
18,14
74,2
56,44
53,8
80,32
79,20
68,29
16,29
72,0
31,96
12,58
25,29
71,56
73,20
21,26
82,77
13,52
58,51
63,23
28,41
69,32
55,52
57,45
35,91
48,52
59,98
97,58
99,62
19,29
99,91
42,67
17,67
2,11
48,86
17,34
85,27
74,32
2,1
14,28
38,32
13,43
37,9
74,26
57,41
30,96
58,43
83,80
70,8
44,0
19,90
35,90
30,33
46,66
81,36
76,68
70,13
84,80
67,96
88,2
51,91
90,98
83,19
69,23
4,8
45,41
24,65
22,78
85,38
72,25
70,67
88,56
76,62
11,32
55,9
85,90
53,66
38,92
32,51
88,62
45,96
90,49
75,33
94,33
84,28
32,29
27,32
14,81
1,20
48,84
12,72
28,9
88,61
88,0
12,22
64,61
17,45
80,20
40,52
32,61
80,28
15,19
64,28
76,46
17,40
3,81
95,81
80,59
95,91
57,99
57,38
27,20
66,77
84,72
50,29
0,66
69,81
17,75
22,91
56,78
54,22
47,41
97,99
19,99
68,93
12,55
74,16
54,68
