100
6
100
216
6,14,17,5,16,15,19,7,18,9,12,12,15,5,5,2,7,11,17,16,6,9,17,6,17,16,8,8,12,3,9,4,8,12,8,13,1,1,10,3,15,9,8,6,2,10,8,15,2,19,19,6,8,9,4,12,12,7,2,14,3,6,9,10,15,3,19,17,11,6,15,1,16,9,15,11,15,6,19,2,3,7,2,7,18,18,10,13,3,10,15,9,13,10,14,4,14,12,6,13
27,40,19,42,21,0,11,6,48,11,49,27,16,44,29,6,8,25,33,10,46,19,21,24,5,1,8,41,21,20,41,6,0,44,5,39,17,49,48,9,48,40,5,47,30,43,7,33,1,30,48,26,40,7,29,44,5,31,23,5,28,6,20,14,6,29,13,7,25,27,25,45,13,10,48,42,0,10,30,48,30,10,26,28,8,1,2,29,1,47,20,21,12,28,17,27,6,27,27,37
2,20
2,29
2,97
6,0
6,13
6,93
7,3
7,11
11,43
11,65
15,12
15,35
15,60
16,2
16,21
17,40
19,63
22,40
22,49
22,51
23,17
23,33
24,13
25,12
25,18
25,24
26,14
29,8
30,55
32,17
32,18
32,25
36,29
36,70
39,43
41,38
43,8
44,10
44,74
45,10
46,69
46,92
47,79
48,65
52,3
53,62
54,33
54,74
55,89
56,10
57,27
57,33
58,60
58,78
61,18
61,51
61,67
62,60
62,80
64,49
65,45
67,63
67,73
70,13
70,41
70,78
72,41
72,70
73,79
74,10
76,22
76,33
76,65
76,70
77,0
77,28
77,37
77,63
77,72
78,71
78,74
81,82
82,43
84,44
84,62
85,2
85,64
85,81
86,56
87,30
88,92
94,50
94,68
96,6
96,9
96,19
96,22
96,38
97,30
98,14
