100
6
250
220
6,2,5,6,13,13,1,18,12,5,4,3,7,8,12,13,10,10,19,15,9,1,11,19,17,7,7,6,15,9,16,5,16,9,16,4,5,16,4,5,14,18,16,11,14,9,18,12,10,8,6,9,13,7,8,19,6,19,4,1,1,9,17,17,3,13,2,12,5,4,3,8,1,10,15,5,19,15,19,4,3,9,10,3,17,2,6,4,16,12,12,19,8,17,19,19,16,13,3,15
17,32,45,26,37,49,37,30,46,41,3,46,13,49,14,31,37,14,47,32,45,11,23,12,11,3,0,14,22,12,25,48,32,5,13,1,10,28,3,15,27,17,28,35,8,28,12,47,29,3,41,11,28,34,39,41,45,19,1,21,35,10,43,20,2,41,0,44,21,49,7,45,47,18,41,14,19,24,39,19,26,38,21,6,7,0,6,34,2,8,42,27,13,19,15,3,9,44,19,3
0,4
0,30
0,76
3,11
3,69
4,13
4,62
4,67
4,72
4,74
7,55
7,71
9,31
10,48
10,73
10,75
10,97
12,48
12,50
12,77
14,32
14,40
14,54
14,98
15,9
15,71
17,22
17,59
17,68
17,78
17,93
20,69
21,19
21,31
21,56
22,5
22,7
22,31
22,52
22,72
22,80
23,28
23,42
23,75
23,80
24,9
24,28
24,68
24,98
25,2
25,42
25,46
25,63
25,76
26,9
26,53
26,70
26,86
26,96
26,98
27,43
27,97
27,98
28,56
29,80
30,31
30,69
32,2
33,18
33,21
33,56
33,67
33,74
33,78
34,48
34,56
34,63
34,67
34,72
34,73
35,32
35,45
35,65
35,97
36,4
36,12
36,16
36,43
36,46
36,71
36,75
37,5
37,47
37,67
38,5
38,28
38,45
38,62
38,67
39,8
39,9
39,82
40,2
40,6
40,52
41,19
41,73
41,76
41,77
41,82
42,32
42,48
43,13
43,72
43,78
44,43
45,20
45,48
45,67
46,1
46,60
46,63
46,71
46,77
46,91
48,16
48,19
48,81
48,87
49,0
49,45
49,52
49,54
49,79
49,86
50,69
51,6
51,29
51,34
51,37
51,40
51,41
51,48
51,52
51,59
52,7
52,16
52,55
52,97
53,31
53,78
55,72
57,20
57,42
58,5
58,22
58,39
58,78
58,88
58,92
60,67
60,97
61,3
61,24
61,65
61,75
61,77
61,92
63,20
63,42
63,47
64,18
64,44
64,77
65,13
66,0
66,7
67,47
68,16
68,87
70,8
70,63
70,82
73,6
73,13
73,52
74,69
74,71
75,54
75,80
76,81
77,3
78,55
79,20
80,9
80,52
80,97
81,13
82,16
82,52
82,69
83,13
83,63
83,67
83,71
83,81
84,93
85,1
85,2
85,18
85,19
85,20
85,69
85,76
86,4
86,12
86,34
86,78
88,19
88,28
88,32
88,48
88,50
88,84
88,91
89,21
89,87
91,71
92,8
92,40
92,75
92,77
93,4
93,80
93,81
95,0
95,4
95,6
95,17
95,18
95,42
95,53
95,79
96,42
96,68
97,18
98,71
99,22
99,48
99,92
