100
6
50
245
20,18,20,18,20,6,11,18,10,17,20,5,15,6,18,1,11,17,11,19,15,20,14,8,6,13,16,12,4,12,8,8,2,13,10,5,2,3,15,7,13,14,9,14,17,12,16,18,18,1,10,17,19,1,16,11,12,6,5,11,3,6,11,8,15,19,3,4,2,17,20,17,2,2,15,12,10,16,1,12,2,10,18,18,16,7,16,4,5,17,11,7,16,5,13,7,20,17,1,4
20,15,31,12,6,7,16,38,49,44,37,48,2,47,2,23,21,38,16,11,10,4,4,16,8,3,45,12,43,46,46,47,39,5,6,7,28,38,7,31,46,36,48,29,29,32,0,40,2,43,14,6,24,10,40,2,47,21,30,5,2,45,30,2,16,35,21,18,28,46,24,2,26,41,21,11,44,20,46,15,47,21,39,6,45,33,31,30,11,0,28,14,34,12,38,7,25,0,19,14
59,61
24,90
68,9
66,92
4,73
88,39
48,72
57,39
44,42
53,31
81,65
82,61
59,99
96,76
3,31
68,85
16,36
75,62
19,52
21,98
23,61
39,80
71,59
81,86
74,42
73,69
3,28
55,16
98,47
18,47
83,7
77,62
16,37
46,8
39,82
7,56
36,44
43,28
19,86
50,56
20,77
1,98
77,72
9,42
19,78
73,9
63,54
5,28
53,75
4,74
