100
6
50
234
13,2,12,18,14,7,14,17,15,8,18,3,12,19,5,10,3,9,7,18,7,19,13,9,15,5,19,4,19,16,16,8,11,16,11,11,3,5,4,1,14,7,10,13,6,1,7,17,6,15,8,13,13,17,18,8,4,18,18,4,3,5,13,14,7,5,7,10,3,8,2,12,19,2,18,15,5,14,17,9,13,16,12,18,3,17,10,8,12,18,3,19,2,15,12,4,9,11,2,15
24,49,29,30,30,26,29,14,20,18,49,42,19,19,38,47,41,3,34,5,16,2,19,40,27,45,21,21,5,43,10,31,37,40,46,1,48,9,26,32,48,28,40,11,45,37,34,4,33,33,49,12,44,46,8,8,15,25,39,22,41,44,44,12,44,4,40,15,9,22,35,18,13,38,44,24,48,44,31,25,47,2,23,8,31,34,23,27,18,24,22,9,6,40,26,40,20,14,3,27
5,80
9,10
20,74
21,14
23,62
24,31
26,76
26,84
28,68
28,78
30,16
30,50
33,64
41,3
41,23
43,15
44,36
47,4
47,50
47,75
51,87
54,22
54,77
55,8
55,29
56,61
59,24
62,15
63,56
69,41
69,74
71,16
72,0
72,96
75,84
83,43
83,99
85,14
86,60
87,32
89,5
89,38
90,75
90,76
91,13
91,61
92,50
94,64
96,90
99,53
