100
12
250
163
13,18,2,12,10,6,9,8,11,4,15,11,18,14,14,14,10,14,6,6,10,16,15,12,3,18,16,15,8,3,12,14,16,13,8,3,13,9,14,18,7,19,16,4,1,11,19,16,7,4,7,19,17,8,11,11,17,4,5,6,4,8,14,4,7,16,9,19,1,7,15,15,14,2,13,5,15,7,6,7,13,15,3,19,10,7,11,4,16,11,19,4,19,4,10,13,1,8,12,18
9,11,20,48,4,40,35,32,25,14,9,16,12,1,26,31,27,27,26,15,39,22,4,32,17,25,27,15,46,9,20,23,14,12,40,24,48,19,45,20,25,33,37,39,4,36,46,13,33,8,21,4,25,17,15,23,43,24,17,15,49,6,22,2,30,23,38,36,46,38,20,44,18,42,25,41,20,1,14,17,15,0,18,24,24,2,33,32,33,3,18,9,38,16,7,5,47,21,45,17
0,68
0,73
1,41
1,90
2,35
2,38
2,66
2,83
2,98
4,25
4,30
4,45
4,60
4,72
4,76
4,93
4,97
5,98
6,5
7,48
8,43
9,25
9,88
9,90
9,97
10,43
11,26
11,34
11,45
11,57
11,64
11,69
11,97
12,6
12,18
12,27
12,43
13,15
13,32
13,54
13,58
13,92
15,7
15,20
15,42
16,92
17,60
17,71
17,96
18,6
18,17
18,26
18,38
18,92
19,57
20,98
21,14
21,48
22,12
22,16
22,23
22,26
22,27
22,35
22,66
22,92
24,18
24,31
24,36
24,84
25,23
26,71
27,17
27,35
27,56
27,66
27,70
27,92
29,14
29,17
29,33
29,79
29,80
29,88
29,98
30,14
30,40
30,41
31,52
32,45
32,60
32,90
32,93
34,56
35,3
35,52
37,41
37,52
37,56
37,75
39,38
39,96
40,15
42,98
44,9
44,16
44,27
44,36
44,95
45,34
47,23
47,75
48,6
49,46
49,52
49,64
49,80
49,99
50,74
50,98
51,24
51,30
51,45
51,61
51,72
51,87
52,15
53,18
53,34
53,64
53,82
54,64
54,66
54,72
54,83
55,15
55,25
55,92
55,96
57,14
57,45
57,52
58,39
59,25
59,66
59,76
59,84
59,88
59,90
61,9
61,16
61,39
61,45
61,96
62,23
62,25
62,98
63,1
63,6
63,46
63,75
63,88
63,97
64,23
64,42
64,45
65,14
65,66
68,96
69,46
70,35
70,42
72,26
72,48
73,71
73,96
74,34
74,73
76,25
76,38
76,48
76,67
76,73
76,84
77,0
77,8
77,11
77,34
77,67
77,83
77,85
77,91
78,8
78,20
78,59
79,3
79,72
79,84
80,6
80,7
81,1
81,44
81,45
81,54
81,59
81,71
81,74
81,79
81,83
82,38
82,87
83,98
84,5
84,98
85,37
86,20
86,46
88,73
89,21
89,34
89,48
89,55
89,82
90,3
90,17
90,21
90,42
90,56
90,69
90,86
92,38
92,43
93,28
93,52
93,86
93,99
94,24
94,25
94,37
94,42
94,80
95,9
95,27
95,35
95,37
95,73
97,26
98,96
99,21
99,65
