100
12
50
117
3,5,3,9,1,6,10,7,9,18,19,10,11,16,12,15,6,15,18,13,8,8,4,15,11,5,13,8,18,17,1,19,6,8,19,16,5,17,6,5,8,1,1,17,11,15,13,14,19,14,8,15,11,4,8,9,15,2,13,11,7,16,3,7,12,15,18,17,11,11,6,3,4,9,19,3,2,2,18,10,6,13,4,19,4,1,3,16,14,5,15,17,19,10,12,6,13,9,19,10
40,3,31,15,8,7,13,2,32,12,1,30,22,27,36,29,31,11,44,36,1,14,20,36,26,33,10,42,7,18,42,21,44,31,18,8,18,29,19,33,18,34,1,24,33,42,3,15,0,13,15,18,27,41,14,12,19,30,24,11,33,6,31,0,6,15,22,27,45,14,48,37,28,47,4,4,48,31,38,20,16,31,28,30,39,10,31,39,3,42,24,23,41,43,36,48,38,37,4,4
3,16
5,66
7,28
9,84
10,9
10,78
15,57
20,7
20,61
21,51
23,84
24,25
24,82
26,58
28,37
28,53
28,73
35,32
40,43
40,89
42,16
43,0
43,89
44,30
48,1
48,97
49,38
51,62
51,73
54,39
55,79
56,11
57,76
61,33
66,87
75,28
75,49
82,0
82,23
83,41
85,31
85,32
86,41
88,8
88,70
90,72
90,73
98,36
99,83
99,94
