100
12
50
121
10,10,20,12,15,7,12,8,8,13,5,1,18,6,12,8,11,2,15,19,8,8,8,19,3,9,18,11,2,3,9,19,7,1,8,9,10,4,12,8,17,13,16,7,19,2,16,10,5,19,1,10,5,11,18,18,7,7,5,15,17,4,5,16,6,16,17,17,20,14,18,13,14,15,9,6,3,9,14,14,3,18,14,10,10,1,8,1,19,2,14,7,8,13,16,8,3,16,7,16
4,49,34,25,36,29,21,8,21,28,48,37,39,36,10,10,22,6,43,44,9,14,2,41,33,49,2,24,34,9,42,26,7,5,13,25,36,1,37,41,21,44,19,24,29,1,37,26,42,11,41,42,45,6,24,15,13,49,2,46,27,39,20,36,32,37,8,0,37,44,10,22,38,23,23,9,0,22,33,41,38,10,7,6,15,24,42,30,36,21,14,40,30,39,18,14,41,5,21,27
73,12
73,28
6,2
14,93
83,60
43,28
32,11
84,94
20,36
32,24
64,86
46,57
40,25
43,72
45,46
58,28
28,57
83,29
7,75
28,86
28,19
64,80
50,1
3,63
22,69
54,35
11,50
97,57
17,39
80,59
62,65
6,71
9,4
45,83
6,31
98,28
26,47
62,10
40,65
9,28
70,87
31,30
99,86
63,52
0,40
42,30
67,61
68,59
67,33
29,64
