100
12
100
122
20,15,9,7,3,13,16,2,5,20,16,5,1,20,11,16,15,8,12,15,11,14,18,4,4,12,13,14,7,14,15,12,14,7,6,5,9,17,18,10,18,6,10,20,8,9,7,13,8,15,1,4,5,3,1,13,18,10,12,13,3,8,18,18,20,10,3,13,8,18,2,19,6,7,18,3,20,14,2,20,11,20,8,9,8,18,13,8,10,2,14,5,1,6,20,8,9,13,20,5
28,35,34,3,23,4,31,39,7,16,25,18,3,23,2,28,2,38,1,18,47,20,17,21,21,28,40,22,18,19,42,4,3,37,15,9,31,42,41,33,26,4,11,46,45,10,17,33,28,40,21,43,18,49,40,26,1,10,23,23,19,18,49,4,6,13,33,23,20,5,47,29,44,15,20,45,12,31,40,11,2,43,16,11,1,7,24,8,38,49,26,28,27,42,1,27,31,1,3,48
63,85
91,75
12,39
52,72
64,85
94,25
65,22
5,57
3,31
45,6
61,20
42,52
28,96
27,38
16,30
85,33
22,26
98,99
82,13
48,71
29,55
78,53
3,76
90,89
92,15
34,71
29,20
82,95
98,46
32,29
25,54
55,6
82,0
4,66
48,39
76,47
24,53
83,53
73,89
42,99
97,10
27,49
19,51
94,22
68,4
69,37
12,26
69,20
95,20
67,54
34,38
5,53
55,99
29,92
45,52
95,6
68,48
85,82
96,70
18,33
8,99
84,7
63,72
0,38
67,53
41,43
76,28
91,53
61,53
98,51
97,42
21,55
91,54
87,10
91,6
76,62
21,59
83,82
45,33
12,51
39,37
72,43
63,86
24,62
10,1
41,38
42,13
65,60
27,58
69,50
42,26
80,57
69,49
16,96
79,1
3,46
97,11
73,78
57,27
68,91
