100
6
100
251
6,8,15,16,11,13,11,13,3,4,8,20,13,6,12,1,9,4,14,14,9,13,8,8,12,20,15,19,18,4,11,19,19,20,14,8,14,6,19,3,20,14,1,7,9,13,14,9,19,15,12,13,6,14,8,17,16,8,17,10,6,16,10,12,17,12,13,11,7,13,19,10,13,19,20,2,13,10,8,20,3,15,18,18,12,4,9,7,14,12,15,8,6,5,18,9,6,4,2,3
42,41,39,26,46,18,41,2,17,34,26,23,18,13,0,2,16,25,42,46,43,31,27,14,33,18,30,36,46,17,25,25,29,9,5,13,11,24,17,4,49,45,32,40,22,37,16,45,4,37,8,22,36,25,21,26,5,26,2,13,7,10,32,17,17,42,18,40,11,15,39,49,5,28,44,44,21,21,21,32,17,0,47,21,27,29,8,25,40,18,1,46,34,10,3,45,47,30,22,34
13,18
34,83
72,80
61,40
42,28
34,99
54,79
1,82
44,37
34,2
99,70
85,24
35,75
32,47
79,75
35,89
76,21
62,71
36,5
26,71
93,32
98,42
43,20
35,0
58,56
53,19
93,80
29,99
46,95
98,0
60,68
4,40
31,73
90,95
31,85
87,74
88,91
77,24
76,57
5,3
69,5
48,6
90,52
86,65
85,28
86,64
70,40
60,25
5,83
76,41
56,54
76,88
52,47
46,77
53,75
63,83
59,31
36,37
60,23
20,95
34,76
55,1
29,25
50,89
44,82
1,28
16,38
85,92
72,73
94,53
10,92
93,74
85,40
52,49
12,84
81,78
33,75
63,53
13,92
77,42
5,24
76,31
13,57
61,31
89,83
6,75
11,71
29,47
12,19
12,27
23,53
35,40
2,40
33,97
86,21
7,65
1,65
44,2
70,28
59,54
