100
12
100
145
10,13,2,3,5,19,14,7,5,9,13,1,15,6,7,15,17,3,16,8,18,13,11,1,17,18,14,8,7,8,7,17,13,10,11,16,7,10,7,16,19,11,1,2,11,11,5,12,11,2,18,2,18,5,8,11,16,16,1,1,19,1,15,11,17,10,2,1,9,5,4,2,10,13,3,2,8,5,4,1,8,16,11,19,4,19,13,3,16,15,14,5,5,1,12,13,10,4,19,15
6,10,22,3,15,4,45,27,10,41,23,38,39,41,25,34,42,45,6,20,13,40,40,40,43,32,4,28,3,39,49,41,1,43,39,12,46,19,40,6,19,46,20,36,10,12,29,6,19,48,21,39,18,11,39,2,5,18,46,18,36,2,10,7,28,18,23,32,37,49,24,9,41,36,36,3,6,41,16,17,39,34,45,41,4,46,9,25,40,23,43,14,9,7,6,3,22,49,44,28
0,15
0,34
0,97
1,57
1,82
2,73
3,13
5,34
5,71
5,93
7,9
7,51
8,57
8,80
8,81
10,25
10,87
11,9
14,58
16,98
17,97
18,80
18,82
19,38
19,85
20,97
23,31
25,72
26,72
27,13
27,51
27,69
28,6
28,37
29,31
29,97
31,16
32,38
32,46
32,96
35,21
35,91
36,69
37,22
40,38
44,38
44,41
44,57
45,43
46,97
47,77
47,82
48,33
50,22
50,23
54,36
55,19
55,23
55,53
57,22
57,50
57,97
59,14
60,85
61,22
61,86
62,14
62,30
63,97
64,67
64,77
66,88
66,98
71,35
71,62
71,90
74,11
74,54
75,9
75,82
76,91
78,41
78,58
79,37
81,38
84,11
84,89
86,81
90,41
90,49
91,87
92,69
92,78
93,1
94,45
94,60
94,69
94,87
95,50
96,67
