100
6
250
256
18,6,10,18,4,17,7,11,19,4,18,12,17,9,14,19,6,6,16,5,16,12,18,7,20,4,20,13,3,9,7,11,12,13,5,2,10,18,15,5,11,14,17,16,19,15,13,16,16,15,18,13,14,11,13,18,20,4,11,8,7,17,18,6,6,15,12,9,20,5,9,4,18,13,9,20,2,10,15,10,2,14,7,6,14,15,8,5,14,14,18,11,8,5,20,5,18,9,4,10
36,11,38,10,24,44,24,44,37,32,14,5,41,32,0,37,27,44,1,5,16,14,25,41,38,0,24,28,9,33,11,8,3,37,31,44,2,27,14,15,30,45,45,38,35,30,28,26,20,39,27,17,15,47,4,42,5,36,31,32,42,25,24,46,17,14,22,48,17,24,40,41,44,25,1,8,4,1,5,8,29,12,27,26,9,10,43,24,49,0,37,13,28,23,19,44,3,40,45,14
56,38
19,48
38,24
23,63
81,22
33,35
19,98
87,29
94,93
30,41
94,71
42,88
1,86
75,91
25,70
54,46
96,85
27,15
99,27
51,90
54,45
93,82
54,92
21,13
36,41
11,49
83,95
28,49
44,41
32,9
66,15
94,55
26,57
89,73
25,17
40,33
33,43
79,5
87,13
83,97
3,47
91,58
36,88
3,30
76,11
46,55
56,87
25,60
4,49
4,43
85,53
14,70
1,80
11,7
28,60
38,55
25,12
11,20
14,57
1,7
45,33
48,24
32,33
75,5
99,71
99,64
14,7
27,29
1,52
68,90
93,71
30,50
14,64
21,49
79,23
30,20
32,95
55,41
40,15
76,26
48,62
4,29
69,43
28,65
69,57
75,48
9,95
91,24
20,29
46,41
80,9
75,10
76,72
28,50
3,86
73,24
20,80
30,92
21,34
22,24
96,61
18,71
30,66
1,64
68,67
3,34
14,39
64,24
68,7
79,10
89,48
6,80
3,92
92,90
24,98
92,17
14,93
77,51
21,70
32,78
84,46
10,13
64,6
65,48
15,41
10,22
50,43
56,94
26,45
45,97
73,72
56,90
36,95
81,95
14,75
79,20
48,5
36,49
96,67
36,32
62,40
58,8
75,44
16,44
96,64
30,52
94,46
32,57
40,97
25,43
36,6
99,35
11,43
37,40
35,98
44,5
13,29
79,52
27,88
73,42
68,34
75,92
27,44
78,5
52,82
36,79
77,71
26,82
36,37
57,42
95,63
9,90
62,59
64,97
61,49
25,28
68,2
69,73
20,50
73,41
25,61
19,2
60,98
1,44
60,35
96,51
81,53
78,7
64,61
38,94
45,7
82,46
6,45
68,44
14,73
79,98
61,15
28,23
65,0
79,39
96,34
56,97
51,87
85,83
12,60
30,26
27,8
51,67
44,55
68,86
78,88
79,34
92,97
14,43
29,41
69,80
78,23
87,23
89,78
3,93
1,90
74,9
52,88
74,72
11,26
91,40
51,29
93,43
91,57
79,88
80,12
21,39
22,41
3,61
84,94
66,98
93,22
91,16
39,51
22,9
65,34
61,82
93,60
1,23
14,96
25,75
19,5
26,49
11,16
16,7
