30
4
75
101
18,2,3,9,14,6,3,7,16,5,12,10,4,8,16,15,3,8,20,8,4,1,4,20,14,20,20,17,2,12
8,11,13,5,6,1,9,7,5,5,10,9,14,13,10,14,10,2,3,13,5,4,8,13,4,13,12,2,6,3
29,9
0,25
5,28
4,6
11,19
24,8
5,16
7,13
28,11
5,22
20,11
29,7
29,6
28,10
24,2
0,1
17,26
5,10
17,8
16,1
5,11
24,6
3,13
29,3
11,23
20,28
8,23
4,7
3,11
14,25
1,2
17,20
10,13
9,15
20,26
3,0
5,1
0,2
9,7
8,10
29,10
28,1
21,22
4,16
1,15
17,9
18,21
27,23
7,10
28,26
11,26
29,26
27,13
4,11
6,19
7,12
27,1
11,12
8,7
27,0
27,11
21,16
27,2
24,13
18,25
22,19
5,26
27,12
18,24
6,2
29,16
1,25
28,15
26,19
28,2
