30
8
75
81
2,4,10,2,20,18,10,13,13,6,10,18,19,16,7,6,12,7,20,14,7,9,2,17,16,17,13,11,5,8
1,4,4,13,1,5,2,10,2,13,10,0,6,11,11,5,11,10,14,12,6,6,9,12,11,14,4,5,1,0
21,7
11,20
29,9
27,18
15,22
20,19
22,19
28,23
8,22
29,16
23,25
27,24
10,16
15,20
22,7
22,18
29,15
26,13
11,13
4,21
20,3
11,2
28,25
29,18
26,12
6,7
12,22
10,25
29,22
1,5
11,16
3,18
11,19
2,13
5,23
5,7
6,13
0,2
1,19
29,24
0,16
12,10
21,25
6,3
2,25
2,7
6,16
28,3
12,18
5,9
8,9
10,18
11,17
0,22
28,18
5,22
5,10
1,27
4,18
8,5
22,14
7,13
20,9
4,24
6,12
22,17
2,17
0,13
6,14
27,20
9,18
28,10
14,25
4,17
29,23
