30
4
75
97
13,16,14,5,10,10,3,2,11,14,14,13,15,16,7,4,2,7,14,15,11,3,2,6,3,19,14,8,4,13
3,3,5,10,4,14,6,11,1,8,11,13,5,9,10,12,10,3,1,6,10,14,4,10,3,5,12,0,0,10
0,2
0,3
0,12
0,14
0,19
0,25
1,3
1,11
1,13
1,23
1,29
2,7
2,10
2,14
2,16
2,26
3,10
4,9
4,10
4,13
4,16
4,29
6,10
7,5
8,0
8,2
8,3
8,5
8,17
8,20
8,22
9,10
9,15
10,11
10,15
12,10
12,14
12,21
12,23
12,29
13,20
13,21
14,21
14,26
16,5
16,26
17,4
17,7
17,9
17,11
18,5
18,21
19,9
19,26
22,5
22,9
22,19
22,20
22,29
23,10
25,13
25,23
26,5
27,6
27,7
27,26
28,2
28,4
28,12
28,17
28,18
28,19
28,23
29,10
29,26
