30
8
75
93
2,5,13,6,1,15,6,1,7,13,14,7,15,6,15,7,19,17,10,12,3,15,4,8,19,3,15,9,15,1
11,2,10,8,0,2,4,6,7,2,13,3,12,8,12,5,9,3,14,6,3,4,1,14,7,10,0,8,4,2
1,3
1,8
1,12
1,14
2,18
3,12
3,25
4,0
4,5
4,6
4,22
4,23
4,29
5,2
5,7
5,10
5,11
5,12
5,14
7,2
7,23
7,25
7,27
8,0
8,25
9,6
9,14
9,21
9,24
11,18
11,19
13,0
13,10
13,12
14,18
15,10
15,13
15,14
15,24
15,25
16,12
16,25
17,6
17,19
17,27
19,0
19,14
20,3
20,6
20,28
21,13
21,16
22,0
22,1
22,2
22,8
22,27
24,0
24,3
24,16
24,23
25,12
26,0
26,6
26,7
26,15
26,20
27,2
27,23
27,25
28,14
29,17
29,20
29,21
29,28
